BLUE_BASE_ORIGIN = -425.376068 2164.259277 -91.968750
BLUE_BASE_ANGLES = 0.000000 -93.427734 0.000000
RED_BASE_ORIGIN = 223.285354 -692.032592 36.031250
RED_BASE_ANGLES = 0.000000 88.692626 0.000000
