BLUE_BASE_ORIGIN = 511.824340 959.973815 324.031250
BLUE_BASE_ANGLES = 0.000000 -89.934082 0.000000
RED_BASE_ORIGIN = -767.510681 -960.221252 324.031250
RED_BASE_ANGLES = 0.000000 89.945068 0.000000
